102191100100190
102191100100414
102191100100439
102191100100190
102191100100414
102191100100439
102191100100271
102191100100333
102191100100421
102191100100330
102191100100338
102191100100433
102191100100203
102191100100345
102191100100407
102191100100342
102191100100404
102191100100436
102191100100340
102191100100387
102191100100435
102191100100179
102191100100317
102191100100364
102191100100210
102191100100321
102191100100388
102191100100204
102191100100322
102191100100398
102191100100214
102191100100344
102191100100389
102191100100216
102191100100280
102191100100380
102191100100184
102191100100312
102191100100399
102191100100164
102191100100209
102191100100379
102191100100162
102191100100173
102191100100378
102191100100158
102191100100190
102191100100414
102191100100439
102191100100271
102191100100333
102191100100421
102191100100330
102191100100338
102191100100433
102191100100203
102191100100345
102191100100407
102191100100342
102191100100404
102191100100436
102191100100340
102191100100387
102191100100435
102191100100179
102191100100317
102191100100364
102191100100210
102191100100321
102191100100388
102191100100204
102191100100322
102191100100398
102191100100214
102191100100344
102191100100389
102191100100216
102191100100280
102191100100380
102191100100184
102191100100312
102191100100399
102191100100164
102191100100209
102191100100379
102191100100162
102191100100173
102191100100378
102191100100158
0
102191100100385
102191100100169
102191100100377
102191100100429
102191100100167
102191100100213
102191100100402
102191100100150
102191100100319
102191100100401
102191100100295
102191100100341
102191100100410
102191100100155
102191100100343
102191100100359
102191100100304
102191100100339
102191100100358
102191100100302
102191100100307
102191100100334
102191100100156
102191100100192
102191100100440
102191100100186
102191100100299
102191100100370
102191100100146
102191100100191
102191100100288
102191100100154
102191100100351
102191100100360
102191100100135
102191100100272
0
102191100100270
102191100100283
0
102191100100134
102191100100292
0
102191100100277
0
102191100100441
102191100100144
0
102191100100444
102191100100132
102191100100159
102191100100286
102191100100145
102191100100147
102191100100273
0
0
0
