699190400100028
699190400100028
699190400100028
102190300100123
102190300100190
102190700100004
699190400100072
699190400100072
699190400100072
699190400100018

102190300100051
102190700100075
102190800201014
102190800200795
102190800200793
102190800200793
102190800200793
102190800200793
102190800200824
102190200200005
102190200100005
102190800200830
102190200100005
102190200200005
102190800200830
102190200100005
102190200200005
102190800201126
102191100100098
102190800400110
102191100100098
102191100100004
102191100100004
102191100100098
102191100100098
102191100100098
102191100100098
102191100100098
697190800100097
102190800400484
102190800400484
102190800400484
102190800400484
102190800200644
102190800200649
102190800201062
102190800201063
102190800201062
102190800201222
102190800200796
102190700100011
102190700100011
102190700100032
102190300100125
102190300100053
102190700100032
102190300100036
102190700100005
102190700100009
102190300100003
102190800201017
102190800200475
102190800200415
102190800200422
102190800200455
102190800200150
102190800200408
102190800200411
102190800200406
102190800200414
102190800200412
102190800200423
102190800200298
102190800200298
102190800200298
102190800200271
699180600100013
10365849268
699170600100016
101180100100092
699170900100058
101180100100091
101180100200048
103180500199998
103180500199999
699180600100051
699180600100052
699180600100067
699180600100068
699180600100080
699180600100079
101171000200001
699180600100081
101171000200002
699180600100084
699180600100083
699180600100072
699180600100031
699180600100032
101180100100031
699180600100090
699180600100070
699180600100089
699180600100071
699180600100088
699180600100086
699180600100085
699180600100087
102190800200424
102190800200418
102190800200483
102190800200155
102190800200157
102190800200153
102190800200453
102190800200486
102190800200482
102190800200479
102190800200478
102190800201015
102190800200835
102190800200416
102190300100152
102190300100005
102190300100058
102190300100139
102190300100132
102190300100183
102190800200998
102190800200999
102190800201007
102190800200997
102190800200996
